[ 0.03897809 -0.22320413  0.26185846  0.273674    0.3423888  -0.25801871
  0.16405192  0.5088546  -0.19171511  0.02500317  0.05603832 -0.0051754
 -0.14389591  0.06049853  0.01726347  0.10108061  0.12671383  0.46180491
  0.03267818 -0.17241565]
[ 0.3183211  -0.31862505 -0.04844948 -0.14124202  0.04269309 -0.27582547
  0.13581818 -0.02061493 -0.13648193 -0.08922609  0.36317017 -0.06279692
  0.03433705  0.07122681 -0.19083425  0.07660015  0.04526401 -0.14536685
 -0.15471516  0.64807391]
[ 0.23386857 -0.0444197  -0.53890218 -0.25517952  0.20487893  0.05374614
  0.04251496 -0.14768479  0.12612281  0.10716826  0.2102053  -0.30179656
 -0.31041503  0.16035345  0.07430535 -0.28081453  0.07027655  0.29857545
  0.13564994 -0.19422323]
[ 0.12018246  0.39526958 -0.06428257  0.16003399 -0.42007295 -0.13834252
  0.19913616  0.19878254  0.0042171  -0.15089757  0.47978068 -0.20412214
  0.16339265 -0.14777806 -0.01443037  0.02184282  0.32893153 -0.10254209
  0.03156203 -0.24745566]
[ 0.21762769  0.2965824   0.16962998 -0.03634065 -0.07700989  0.30207213
 -0.24080221 -0.09515314 -0.09003351 -0.05162477  0.20814223  0.08381531
 -0.08746398  0.08973795 -0.55528972  0.23031374 -0.25327307  0.40977254
 -0.00936069  0.0015769 ]
[-0.18514595  0.03473911  0.31499597 -0.30213527  0.27459603 -0.05232445
 -0.28658084 -0.17305645 -0.5000017   0.06429614  0.12344681 -0.32364006
  0.09793943 -0.20345629 -0.12268441 -0.22362761  0.21298423 -0.14122507
  0.1057425  -0.13089958]
[-0.09744524  0.22919125  0.00153148  0.18535928  0.18303242  0.13439178
  0.29601326  0.03971184 -0.06630485  0.28920179  0.06395804 -0.28748165
  0.13474944  0.1384522   0.0498624   0.16672775 -0.30332529 -0.13433496
  0.58904749  0.2518775 ]
[ 0.07470801 -0.03480301 -0.02351742 -0.23979358 -0.25243197  0.17607304
  0.62940043 -0.06860366 -0.35604383  0.1420137  -0.29690537  0.07821846
 -0.08682575 -0.36833139 -0.11733951 -0.06025339  0.04188354  0.18745203
 -0.02205243  0.01969462]
[-0.14941603  0.0491348  -0.13997497  0.47603874 -0.1562672  -0.10538269
 -0.14987403 -0.41421523 -0.17537584 -0.15994575 -0.20348232 -0.13417491
 -0.00992748  0.0154861   0.05428284 -0.02771786  0.34219763  0.37682946
  0.12316119  0.32469126]
[ 0.3443065   0.01194008  0.10411954  0.1218674   0.13175776  0.3319218
  0.04596546  0.11590669  0.14003986  0.17503581 -0.28809608 -0.01512794
  0.2152475   0.31643795 -0.29786936 -0.20495253  0.51893127 -0.17879906
 -0.00446943  0.02422276]
[-0.18839412  0.04203763 -0.22471956 -0.21199644  0.03037216 -0.10020208
  0.14626863 -0.00231188 -0.29448377 -0.27649759  0.0326686   0.35648929
  0.49981682  0.48069717 -0.02303581 -0.12742816 -0.04657699  0.13564157
  0.10264529 -0.12187519]
[-0.09419706 -0.21567974 -0.26999578  0.42290559  0.26347311  0.09566286
  0.12061027 -0.30734959 -0.07652864  0.29827479  0.25361378  0.10092782
  0.25547938 -0.18552438 -0.20315075  0.11742431 -0.06822902 -0.08926598
 -0.31442464 -0.26404015]
[ 0.27934301  0.19885296 -0.17308039  0.2779245   0.18041102  0.00045038
 -0.0723932   0.04256819 -0.36656608 -0.20437895 -0.00147682  0.41890453
 -0.40291119 -0.09609957  0.00825166 -0.20956688 -0.06295474 -0.35672405
  0.19172385 -0.02163383]
[ 0.44499991 -0.36528937  0.17235503  0.05774509 -0.28406835  0.21809625
 -0.22299475 -0.08742498 -0.16454535  0.16289292  0.16490864  0.12053407
  0.26220519 -0.04219205  0.4405338  -0.03734422 -0.07784348  0.11331208
  0.24591799 -0.09572657]
[-0.05521897 -0.28534967 -0.163221    0.2068781  -0.125216    0.19827032
 -0.08732856  0.33262681 -0.02782747 -0.35055572 -0.10656309 -0.3590653
  0.16516227 -0.17025341 -0.2529923  -0.40650524 -0.35054828 -0.00313247
  0.00624142  0.02081373]
[ 0.37678825  0.19996301 -0.01421483  0.07032063 -0.02798979 -0.25222952
  0.00305888 -0.09135496 -0.29117493  0.01137849 -0.34788004 -0.39180149
  0.06056392  0.2637383   0.14422623  0.15699816 -0.2778204  -0.0943969
 -0.37676826 -0.18432064]
[-0.32156928 -0.0399996  -0.12949558  0.01931572 -0.19433642  0.45886459
 -0.08500759  0.26314004 -0.36409312  0.15157553  0.17570298 -0.07866686
 -0.26657141  0.32032818  0.2033281   0.10190354  0.11607203 -0.08730552
 -0.31161153  0.12986887]
[-0.12018246 -0.0267875   0.41284515  0.18723717 -0.22685151 -0.1566432
  0.23060237 -0.24905758  0.08094006  0.1717957   0.1909725   0.03639527
 -0.22478323  0.32876946 -0.07302403 -0.54808712 -0.19741506 -0.02038773
 -0.09136926 -0.04677785]
[-0.03248175 -0.38249958  0.14809069  0.00810753 -0.04093897  0.15942838
  0.21318164 -0.27613712  0.01394068 -0.46460077 -0.00079314 -0.15786554
 -0.23190657  0.20317508 -0.10102937  0.36621256  0.09549389 -0.22484115
  0.21988797 -0.30574144]
[-0.07795619 -0.23170112 -0.23770779 -0.02979191 -0.38887595 -0.37522446
 -0.24561149  0.13633516 -0.10081815  0.40650754 -0.15191489  0.04866049
 -0.11489755  0.10968051 -0.38548922  0.1311312   0.02491705 -0.13023056
  0.28151481 -0.15230233]
