[ 0.03897809  0.3183211  -0.13596054 -0.03545514  0.03078956 -0.48240451
 -0.29012897  0.14626116  0.27284344  0.23570874  0.05812765 -0.16861008
 -0.21014909 -0.26656689 -0.1074012   0.1626403   0.08486136 -0.34086366
 -0.20929435 -0.23657858]
[-0.27172271  0.31722803 -0.1895621   0.26329616 -0.27170991  0.00801353
  0.02548274  0.16018003  0.19637864 -0.01573842 -0.12825085  0.16608281
  0.00264611 -0.00234801  0.27423516  0.13411378 -0.36681123  0.39541516
  0.16803051 -0.35339937]
[ 0.17759642 -0.13252473  0.48942971 -0.18675659 -0.3713409  -0.34173168
  0.06451269 -0.05914363 -0.0212041  -0.11132612  0.17682375  0.10325765
  0.23080974 -0.21535458 -0.03770417 -0.21305237 -0.16661872 -0.0817253
  0.27991123 -0.3164113 ]
[ 0.14300954  0.2861677   0.01306543 -0.14202949  0.03573603  0.00714187
  0.28057064 -0.34739066 -0.01861899  0.21483267 -0.37692798 -0.05584199
 -0.23106767 -0.16374178  0.1708416  -0.46694186 -0.3338739  -0.06254436
 -0.17392412  0.10878363]
[ 0.16418251 -0.11716979 -0.17134319 -0.07216745 -0.00871531 -0.3524551
  0.4045618  -0.12446617 -0.14227793 -0.03244123 -0.03874986 -0.46042207
 -0.05552518  0.46020899  0.12674924  0.15199204  0.10906623  0.13780164
 -0.02068563 -0.31803407]
[ 0.12874741  0.09603309 -0.07206608 -0.50658866 -0.24289058 -0.00789084
 -0.09349724  0.54840314 -0.0136656   0.01440993 -0.40865847  0.13658872
  0.01888801  0.34095219 -0.04642572 -0.07554537  0.0341999  -0.08502645
  0.09272107  0.12772535]
[-0.14902543  0.12038878 -0.01280335  0.0518852  -0.09840763  0.2317761
  0.24837302  0.19874786  0.30001919  0.24420143  0.28747759 -0.44483956
  0.17200668  0.12986312 -0.4469602  -0.23854177 -0.20198724 -0.04595849
  0.11733723  0.07662272]
[-0.02895588 -0.23343087 -0.1445098   0.32604195  0.10545373 -0.36091572
  0.27843491  0.15009405  0.11545081 -0.08237753  0.11986954  0.43290891
 -0.31335398  0.24419115 -0.10858877 -0.15608402 -0.21902147 -0.2734382
  0.08472029  0.17397226]
[-0.00879036  0.22990068  0.09259182 -0.07070187  0.09369614  0.01881213
 -0.17091404 -0.14715645  0.12277598  0.38826382  0.39256997  0.22137571
  0.07948832  0.43330681  0.41285789 -0.25500525  0.2460456  -0.03434865
  0.10355866 -0.05060271]
[ 0.13314661 -0.05873741 -0.01558833 -0.2089882  -0.07168384 -0.28494462
  0.00319106 -0.216865    0.4901916  -0.01595769  0.06023712  0.15807042
  0.19683533  0.0486271  -0.13731422  0.12858054 -0.04540782  0.48110288
 -0.31055233  0.3548401 ]
[-0.31669537 -0.21845592  0.32062478  0.06601643  0.23969371 -0.11917806
  0.04559812 -0.02594283  0.0035448   0.4547002  -0.38059472  0.05388943
  0.37486216  0.12577226  0.00657441  0.28556849 -0.19658453 -0.18003249
 -0.07181351 -0.04177834]
[ 0.18445678  0.3905477   0.29784993  0.16362616 -0.22571709  0.0962072
  0.18405974 -0.26768312  0.04397157  0.07071551 -0.1310718   0.11925364
 -0.23292477  0.13182004 -0.2569633   0.43350874  0.20534465 -0.09165877
  0.30578562  0.15564492]
[ 0.36287152 -0.33835392  0.06379918  0.22378012 -0.22806105  0.12194819
  0.18635257  0.31209621  0.21925988  0.34421967 -0.00804488 -0.12614909
 -0.09132474 -0.26386638  0.42408555  0.0925554   0.14941628  0.0203745
  0.00883032  0.1701148 ]
[ 0.22137519 -0.07261805 -0.38977159  0.28354918 -0.19491898 -0.18279542
 -0.42065838 -0.26337575 -0.11340985  0.10192564 -0.16342591 -0.16899824
  0.29747485  0.06398174 -0.02170537 -0.09293762 -0.13055001 -0.09070241
  0.35896529  0.24765082]
[ 0.02300927  0.32194523  0.38921526  0.3545536   0.27808737 -0.31166397
 -0.03778519  0.31152163 -0.07023291 -0.2346186  -0.13418242 -0.22389632
  0.12776661  0.02058764  0.09728278 -0.22535297  0.15405725  0.22663123
  0.02349057  0.25481044]
[ 0.0359831   0.20321453 -0.34435868 -0.04544254  0.11231444 -0.1462004
  0.41201899  0.10877662 -0.31299707  0.26514261  0.06801604  0.29219543
  0.3542266  -0.3270325  -0.14984614 -0.01657694  0.28278324  0.12689321
  0.10802236  0.0039309 ]
[-0.21772179 -0.10799602  0.09130092  0.27214964 -0.50459157 -0.07104113
 -0.11752827 -0.01689651 -0.2861048   0.24295168 -0.07416806  0.06871161
 -0.14696353  0.10891776 -0.24485965 -0.25316579  0.25126558  0.17796293
 -0.42074765 -0.06577956]
[-0.02906896  0.07767686  0.09955645 -0.17803108 -0.03607795 -0.13914217
 -0.09688428  0.12896908 -0.49223746  0.23158063  0.37759945 -0.09454887
 -0.2271433  -0.00949247  0.0784668   0.2744542  -0.43361827  0.17260951
  0.00577834  0.32613844]
[ 0.1855369  -0.21986199  0.06528824 -0.04249789  0.36735369  0.0103727
 -0.21205366  0.03295054  0.04795346  0.29718243 -0.13362313  0.04059873
 -0.34342194 -0.03595611 -0.31265163 -0.13740075  0.0129699   0.44871799
  0.3442603  -0.25307372]
[ 0.62351604  0.13912619  0.03694814  0.24064078  0.11421061  0.21402544
 -0.0667352   0.1258536  -0.12176988  0.00390203  0.0787597   0.16691204
  0.21987891  0.18319202 -0.14623249  0.06680603 -0.2817304  -0.03738193
 -0.38318415 -0.26305214]
